10->20->30->NULL
NULL<-30<-20<-10
5->10->20->30->NULL
NULL<-30<-20<-10<-5
10->20->30->NULL
NULL<-30<-20<-10
10->20->NULL
NULL<-20<-10
10->8->20->NULL
NULL<-20<-8<-10
10->20->NULL
NULL<-20<-10
